-----
There are 1 isomorphisms with 0 givens, order3

000000000
000000000
000000000
000000000
000000000
000000000
000000000
000000000
000000000


-----
There are 1 isomorphisms with 1 givens, order3

X00000000
000000000
000000000
000000000
000000000
000000000
000000000
000000000
000000000


-----
There are 4 isomorphisms with 2 givens, order3

XX0000000
000000000
000000000
000000000
000000000
000000000
000000000
000000000
000000000

X00X00000
000000000
000000000
000000000
000000000
000000000
000000000
000000000
000000000

X00000000
0X0000000
000000000
000000000
000000000
000000000
000000000
000000000
000000000

X00000000
000X00000
000000000
000000000
000000000
000000000
000000000
000000000
000000000


-----
There are 13 isomorphisms with 3 givens, order3

XXX000000
000000000
000000000
000000000
000000000
000000000
000000000
000000000
000000000

XX0X00000
000000000
000000000
000000000
000000000
000000000
000000000
000000000
000000000

XX0000000
X00000000
000000000
000000000
000000000
000000000
000000000
000000000
000000000

XX0000000
00X000000
000000000
000000000
000000000
000000000
000000000
000000000
000000000

XX0000000
000X00000
000000000
000000000
000000000
000000000
000000000
000000000
000000000

XX0000000
000000000
000000000
X00000000
000000000
000000000
000000000
000000000
000000000

X00X00X00
000000000
000000000
000000000
000000000
000000000
000000000
000000000
000000000

X00X00000
0X0000000
000000000
000000000
000000000
000000000
000000000
000000000
000000000

X00X00000
000000X00
000000000
000000000
000000000
000000000
000000000
000000000
000000000

X00X00000
000000000
000000000
X00000000
000000000
000000000
000000000
000000000
000000000

X00000000
0X0000000
00X000000
000000000
000000000
000000000
000000000
000000000
000000000

X00000000
0X0000000
000X00000
000000000
000000000
000000000
000000000
000000000
00000000